0 0 0 9
0 0 0 9
0 0 0 9
0 0 0 9
13 0 0 9
0 0 0 9
1 0 0 9
1 0 0 9
1 25 0 9
1 25 0 9
1 26 0 9
1 26 0 9
1 0 0 9
1 9 0 9
1 17 0 9
1 17 0 9
1 17 17 9
1 17 17 9
0 17 17 9
17 17 17 9
17 17 17 9
29 17 17 9
0 17 17 9
1 17 17 9
1 0 17 9
1 25 17 9
1 25 17 9
1 26 17 9
1 26 442 9
1 0 442 9
1 9 442 9
1 25 442 9
1 25 442 9
1 25 467 9
1 25 467 9
0 25 467 9
467 25 467 9
25 25 467 9
35 25 467 9
0 25 467 9
1 25 467 9
1 0 467 9
1 25 467 9
1 25 467 9
1 26 467 9
1 26 12142 9
1 0 12142 9
1 9 12142 9
1 13 12142 9
1 13 12142 9
1 13 12155 9
1 13 12155 9
0 13 12155 9
12155 13 12155 9
13 13 12155 9
13 13 467 9
2 13 467 9
0 13 467 9
1 13 467 9
1 0 467 9
1 25 467 9
1 25 467 9
1 26 467 9
1 26 12142 9
1 0 12142 9
1 9 12142 9
1 10 12142 9
1 10 12142 9
1 10 12152 9
1 10 12152 9
0 10 12152 9
12152 10 12152 9
10 10 12152 9
24 10 12152 9
0 10 12152 9
1 10 12152 9
1 0 12152 9
1 25 12152 9
1 25 12152 9
1 26 12152 9
1 26 315952 9
1 0 315952 9
1 9 315952 9
1 22 315952 9
1 22 315952 9
1 22 315974 9
1 22 315974 9
0 22 315974 9
315974 22 315974 9
22 22 315974 9
35 22 315974 9
0 22 315974 9
1 22 315974 9
1 0 315974 9
1 25 315974 9
1 25 315974 9
1 26 315974 9
1 26 8215324 9
1 0 8215324 9
1 9 8215324 9
1 14 8215324 9
1 14 8215324 9
1 14 8215338 9
1 14 8215338 9
0 14 8215338 9
8215338 14 8215338 9
14 14 8215338 9
26 14 8215338 9
0 14 8215338 9
1 14 8215338 9
1 0 8215338 9
1 25 8215338 9
1 25 8215338 9
1 26 8215338 9
1 26 213598788 9
1 0 213598788 9
1 9 213598788 9
1 9 213598788 9
1 9 213598788 9
1 9 213598797 9
1 9 213598797 9
0 9 213598797 9
213598797 9 213598797 9
9 9 213598797 9
9 9 8215338 9
4 9 8215338 9
0 9 8215338 9
1 9 8215338 9
1 0 8215338 9
1 25 8215338 9
1 25 8215338 9
1 26 8215338 9
1 26 213598788 9
1 0 213598788 9
1 9 213598788 9
1 19 213598788 9
1 19 213598788 9
1 19 213598807 9
1 19 213598807 9
0 19 213598807 9
213598807 19 213598807 9
19 19 213598807 9
29 19 213598807 9
0 19 213598807 9
1 19 213598807 9
1 0 213598807 9
1 25 213598807 9
1 25 213598807 9
1 26 213598807 9
1 26 5553568982 9
1 0 5553568982 9
1 9 5553568982 9
1 16 5553568982 9
1 16 5553568982 9
1 16 5553568998 9
1 16 5553568998 9
0 16 5553568998 9
5553568998 16 5553568998 9
16 16 5553568998 9
16 16 213598807 9
16 16 213598807 9
0 16 213598807 9
1 16 213598807 9
1 0 213598807 9
1 25 213598807 9
1 25 213598807 9
1 26 213598807 9
1 26 5553568982 9
1 0 5553568982 9
1 9 5553568982 9
1 11 5553568982 9
1 11 5553568982 9
1 11 5553568993 9
1 11 5553568993 9
0 11 5553568993 9
5553568993 11 5553568993 9
11 11 5553568993 9
11 11 213598807 9
0 11 213598807 9
0 11 213598807 9
1 11 213598807 9
1 0 213598807 9
1 25 213598807 9
1 25 213598807 9
1 26 213598807 9
1 26 5553568982 9
1 0 5553568982 9
1 9 5553568982 9
1 22 5553568982 9
1 22 5553568982 9
1 22 5553569004 9
1 22 5553569004 9
0 22 5553569004 9
5553569004 22 5553569004 9
22 22 5553569004 9
22 22 213598807 9
9 22 213598807 9
1 22 213598807 9
0 22 213598807 9
0 0 213598807 9
0 25 213598807 9
0 0 213598807 9
0 1 213598807 9
0 1 213598807 9
0 0 213598807 9
0 9 213598807 9
0 24 213598807 9
0 0 213598807 9
0 0 213598807 9
0 0 213598807 9
0 0 213598807 9
213598807 0 213598807 9
19 0 213598807 9
19 0 8215338 9
6 0 8215338 9
0 0 8215338 9
1 0 8215338 9
1 0 8215338 9
1 25 8215338 9
1 25 8215338 9
1 26 8215338 9
1 26 213598788 9
1 0 213598788 9
1 9 213598788 9
1 23 213598788 9
1 23 213598788 9
1 23 213598811 9
1 23 213598811 9
0 23 213598811 9
213598811 23 213598811 9
23 23 213598811 9
23 23 8215338 9
12 23 8215338 9
0 23 8215338 9
1 23 8215338 9
1 0 8215338 9
1 25 8215338 9
1 25 8215338 9
1 26 8215338 9
1 26 213598788 9
1 0 213598788 9
1 9 213598788 9
1 18 213598788 9
1 18 213598788 9
1 18 213598806 9